10210 4 2 8
1253 7 2 12
4023 5 12 8
2120 5 13 7
1652 7 9 6
1216 7 7 9
2231 7 4 8
1002112 3 13 9
21133 4 14 6
30212 4 2 15
1451 6 11 17
1664 8 5 20
11211 4 5 5
422 6 12 14
1002 10 15 6
4231 6 14 12
1001001010 2 15 7
1100212 3 4 6
1603 7 14 9
13103 4 13 16
13120 4 2 19
817 10 2 12
111220 3 13 18
2014 8 9 12
376 9 12 14
1011211 3 7 6
555 10 14 15
110000001 2 12 18
345 7 8 8
2441 6 6 20
686 10 11 17
662 7 4 11
3221 6 11 13
475 8 14 17
886 9 14 19
111100001 2 11 16
283 9 6 12
232 9 8 17
3033 6 3 20
2214 7 15 7
656 7 12 10
1751 8 15 16
2033 5 12 8
445 7 13 17
4131 5 9 17
10131 5 3 9
1323 9 7 17
200011 3 2 5
2044 6 16 18
2333 5 13 18
20313 4 8 13
1101 6 16 19
683 9 11 18
1000011011 2 5 10
1511 6 15 6
609 10 4 20
1110010011 2 8 14
1141 9 11 14
1002 5 5 9
10001111 2 16 12
13202 4 10 11
274 9 11 18
953 10 3 14
1021101 3 12 9
278 9 8 12
3034 6 9 19
3310 4 2 17
2215 7 7 11
654 7 8 16
4321 6 8 13
1001110 3 15 13
1224 7 4 20
634 8 4 19
754 9 7 11
3510 6 16 6
403 10 9 11
13001 5 7 11
1677 8 7 12
202222 3 12 8
3454 6 15 18
3113 4 12 16
2143 7 8 18
3435 6 3 15
11312 5 10 14
11312 5 6 12
2013 4 11 13
21220 4 8 9
145 10 4 7
2401 6 3 19
12312 5 15 7
320 8 16 14
221120 3 8 19
11234 5 6 16
2352 6 16 14
430 6 13 8
1111100100 2 2 18
1771 8 14 6
120102 3 3 19
1136 8 10 20
20310 4 2 15